{
 "cells": [
  {
   "cell_type": "code",
   "execution_count": null,
   "id": "ce9785fc",
   "metadata": {},
   "outputs": [
    {
     "name": "stdout",
     "output_type": "stream",
     "text": [
      "Random configuration q:\n",
      " [ 0.82605335  0.63939031 -0.92271389 -0.34254493 -0.26171002 -0.64227246\n",
      "  0.37477487 -0.80071987 -0.40757604  0.2718815  -1.08711455  0.97668538]\n",
      "ee SE(3):\n",
      "   R =\n",
      " 0.711998  0.699638 0.0597093\n",
      "-0.578598  0.632741 -0.514648\n",
      "-0.397848  0.331881   0.85532\n",
      "  p =  0.447523 -0.488188 -0.251216\n",
      "\n",
      "ee translation:\n",
      " [ 0.44752321 -0.48818838 -0.25121612]\n",
      "ee rotation SO(3):\n",
      " [[ 0.71199815  0.69963807  0.05970935]\n",
      " [-0.578598    0.63274144 -0.51464805]\n",
      " [-0.39784795  0.33188075  0.85531993]]\n",
      "joint_name:\n",
      " universe, position:\n",
      " [0. 0. 0.], rotation:\n",
      " [[1. 0. 0.]\n",
      " [0. 1. 0.]\n",
      " [0. 0. 1.]]\n",
      "joint_name:\n",
      " l_shoulder_yaw, position:\n",
      " [0.  0.2 0.2], rotation:\n",
      " [[ 0.67778285 -0.73526214  0.        ]\n",
      " [ 0.73526214  0.67778285  0.        ]\n",
      " [ 0.          0.          1.        ]]\n",
      "joint_name:\n",
      " l_shoulder_pitch, position:\n",
      " [-0.07352621  0.26777828  0.2       ], rotation:\n",
      " [[ 0.54389343 -0.73526214  0.40443729]\n",
      " [ 0.59001824  0.67778285  0.43873555]\n",
      " [-0.5967063   0.          0.80245972]]\n",
      "joint_name:\n",
      " l_shoulder_roll, position:\n",
      " [-0.14705243  0.33555657  0.2       ], rotation:\n",
      " [[ 0.54389343 -0.76628215 -0.34204035]\n",
      " [ 0.59001824  0.05937078  0.80520406]\n",
      " [-0.5967063  -0.63975525  0.48441183]]\n",
      "joint_name:\n",
      " l_elbow_pitch, position:\n",
      " [-0.07864436  0.17451576  0.10311763], rotation:\n",
      " [[ 0.3974085  -0.76628215 -0.50485458]\n",
      " [ 0.82619608  0.05937078  0.56024562]\n",
      " [-0.39933261 -0.63975525  0.65669376]]\n",
      "joint_name:\n",
      " l_wrist_yaw, position:\n",
      " [ 0.02232656  0.06246663 -0.02822112], rotation:\n",
      " [[ 0.58213859 -0.63736686 -0.50485458]\n",
      " [ 0.78270207  0.2711131   0.56024562]\n",
      " [-0.2202093  -0.72129132  0.65669376]]\n",
      "joint_name:\n",
      " l_wrist_pitch, position:\n",
      " [ 0.12329748 -0.04958249 -0.15955987], rotation:\n",
      " [[ 0.16372337 -0.63736686 -0.75296623]\n",
      " [ 0.96233463  0.2711131  -0.02024239]\n",
      " [ 0.21704084 -0.72129132  0.65774775]]\n",
      "joint_name:\n",
      " r_shoulder_yaw, position:\n",
      " [ 0.  -0.2  0.2], rotation:\n",
      " [[ 0.93059006 -0.36606303  0.        ]\n",
      " [ 0.36606303  0.93059006  0.        ]\n",
      " [ 0.          0.          1.        ]]\n",
      "joint_name:\n",
      " r_shoulder_pitch, position:\n",
      " [ 0.0366063  -0.29305901  0.2       ], rotation:\n",
      " [[ 0.64786761 -0.36606303 -0.668031  ]\n",
      " [ 0.25484947  0.93059006 -0.26278107]\n",
      " [ 0.71785745  0.          0.69619012]]\n",
      "joint_name:\n",
      " r_shoulder_roll, position:\n",
      " [ 0.07321261 -0.38611801  0.2       ], rotation:\n",
      " [[ 0.64786761 -0.07127921 -0.75841073]\n",
      " [ 0.25484947  0.95852266  0.12761684]\n",
      " [ 0.71785745 -0.27595939  0.63916125]]\n",
      "joint_name:\n",
      " r_elbow_pitch, position:\n",
      " [ 0.22489475 -0.41164138  0.07216775], rotation:\n",
      " [[ 0.82773658 -0.07127921 -0.55657113]\n",
      " [ 0.2112174   0.95852266  0.1913675 ]\n",
      " [ 0.51984552 -0.27595939  0.80845968]]\n",
      "joint_name:\n",
      " r_wrist_yaw, position:\n",
      " [ 0.33620898 -0.44991488 -0.08952419], rotation:\n",
      " [[ 0.44803475  0.69963807 -0.55657113]\n",
      " [-0.75034442  0.63274144  0.1913675 ]\n",
      " [ 0.48605361  0.33188075  0.80845968]]\n",
      "joint_name:\n",
      " r_wrist_pitch, position:\n",
      " [ 0.44752321 -0.48818838 -0.25121612], rotation:\n",
      " [[ 0.71199815  0.69963807  0.05970935]\n",
      " [-0.578598    0.63274144 -0.51464805]\n",
      " [-0.39784795  0.33188075  0.85531993]]\n"
     ]
    }
   ],
   "source": [
    "\n",
    "import pinocchio as pin\n",
    "import os\n",
    "\n",
    "# Load model from urdf\n",
    "urdf_path = \"sample.urdf\"\n",
    "model = pin.buildModelFromUrdf(urdf_path)\n",
    "data = model.createData()\n",
    "\n",
    "# Define a random robot configuration\n",
    "q = pin.randomConfiguration(model)\n",
    "print(\"Random configuration q:\\n\", q.T)\n",
    "\n",
    "# Compute forward kinemeatics for all frames\n",
    "pin.framesForwardKinematics(model, data, q)\n",
    "\n",
    "# Access the end-effector placement\n",
    "ee_frame_name = model.frames[-1].name\n",
    "frame_id = model.getFrameId(ee_frame_name)\n",
    "ee_fk = data.oMf[frame_id]\n",
    "\n",
    "print(\"ee SE(3):\\n\", ee_fk)\n",
    "print(\"ee translation:\\n\", ee_fk.translation)\n",
    "print(\"ee rotation SO(3):\\n\", ee_fk.rotation)\n",
    "\n",
    "# Access and print all joint positions\n",
    "for joint_id, joint_name in enumerate(model.names):\n",
    "    position = data.oMi[joint_id].translation\n",
    "    rotation  = data.oMi[joint_id].rotation\n",
    "    print(f\"joint_name:\\n {joint_name}, position:\\n {position.T}, rotation:\\n {rotation}\")"
   ]
  },
  {
   "cell_type": "code",
   "execution_count": null,
   "id": "6a6a04f9",
   "metadata": {},
   "outputs": [],
   "source": []
  }
 ],
 "metadata": {
  "kernelspec": {
   "display_name": "pin_env",
   "language": "python",
   "name": "python3"
  },
  "language_info": {
   "codemirror_mode": {
    "name": "ipython",
    "version": 3
   },
   "file_extension": ".py",
   "mimetype": "text/x-python",
   "name": "python",
   "nbconvert_exporter": "python",
   "pygments_lexer": "ipython3",
   "version": "3.9.23"
  }
 },
 "nbformat": 4,
 "nbformat_minor": 5
}
